-- Кольцевая
INSERT INTO connections VALUES
(1,2,3,0),(2,3,3,0),(3,4,3,0),(4,5,3,0),
(5,6,3,0),(6,7,3,0),(7,8,3,0),(8,1,3,0);

-- Линия 2
INSERT INTO connections VALUES
(9,10,2,0),(10,11,2,0),(11,12,2,0),(12,13,2,0),
(13,14,2,0),(14,15,2,0),(15,16,2,0);

-- Линия 3
INSERT INTO connections VALUES
(17,18,2,0),(18,19,2,0),(19,20,2,0),(20,21,2,0),
(21,22,2,0),(22,23,2,0),(23,24,2,0);

-- Линия 4
INSERT INTO connections VALUES
(25,26,2,0),(26,27,2,0),(27,28,2,0),
(28,29,2,0),(29,30,2,0),(30,31,2,0);

-- Линия 5
INSERT INTO connections VALUES
(32,33,2,0),(33,34,2,0),(34,35,2,0),
(35,36,2,0),(36,37,2,0),(37,38,2,0);
